0.01035,0.0109,0.01095,0.0112,0.012,0.0126,0.01435,0.0151,0.01775,0.02725,0.05555,0.12535,0.40755,0.7872,0.92645,0.9758,0.9962,0.9991,1,1
0.01045,0.0105,0.0111,0.0114,0.01185,0.01245,0.0156,0.01525,0.01815,0.02425,0.05815,0.10915,0.3452,0.71885,0.92325,0.97335,0.9926,0.99925,0.9999,1
0.01025,0.0108,0.0107,0.0113,0.01185,0.0135,0.0139,0.0144,0.01835,0.0271,0.04505,0.09505,0.2994,0.6463,0.89295,0.9689,0.9938,0.99875,0.99995,1
0.01075,0.0105,0.011,0.0116,0.0115,0.01315,0.0144,0.0141,0.0182,0.0282,0.03875,0.07575,0.2526,0.57205,0.87135,0.9581,0.9921,0.9987,0.99985,1
0.0105,0.01065,0.0108,0.01095,0.01175,0.0129,0.013,0.01505,0.0178,0.02295,0.0379,0.075,0.23505,0.57695,0.83775,0.95345,0.98775,0.99795,0.9997,1
0.01045,0.01055,0.0106,0.0112,0.0117,0.01255,0.014,0.01625,0.0172,0.0199,0.03675,0.0683,0.20035,0.46465,0.8141,0.94005,0.9856,0.99775,0.99975,1
0.0105,0.01065,0.0109,0.0113,0.01165,0.01245,0.0147,0.01535,0.0168,0.0241,0.03285,0.0653,0.17065,0.4664,0.8063,0.937,0.9837,0.9972,0.9994,0.99995
0.01015,0.01055,0.01095,0.0109,0.01125,0.0122,0.01345,0.01535,0.0159,0.0204,0.03245,0.0648,0.14515,0.41325,0.74845,0.92285,0.97975,0.99615,0.9996,1
0.0106,0.0105,0.0104,0.01135,0.0113,0.01285,0.01335,0.01545,0.01725,0.0239,0.0313,0.0599,0.1424,0.36215,0.73155,0.91285,0.97605,0.99565,0.99955,0.99995
0.0105,0.01095,0.01085,0.0114,0.0113,0.012,0.0137,0.01465,0.0165,0.02065,0.0294,0.05685,0.115,0.3434,0.7247,0.90695,0.97545,0.99415,0.9994,1
0.0103,0.01075,0.011,0.0114,0.01115,0.0126,0.0144,0.01525,0.01705,0.02015,0.0233,0.0534,0.09355,0.2953,0.62575,0.89085,0.96805,0.9931,0.9987,0.99995
0.0104,0.01055,0.01105,0.0111,0.0117,0.0129,0.01395,0.01505,0.01625,0.02055,0.0296,0.0461,0.08885,0.2848,0.63125,0.88195,0.96285,0.99305,0.99895,0.99985
0.01065,0.011,0.0105,0.0107,0.01145,0.01265,0.0139,0.0141,0.01545,0.023,0.02665,0.04725,0.10925,0.26065,0.5679,0.83205,0.9581,0.99055,0.99895,0.99985
0.0106,0.0106,0.0112,0.0109,0.0113,0.01235,0.01325,0.01395,0.01725,0.01785,0.0271,0.0459,0.0885,0.19555,0.5603,0.82795,0.9569,0.9899,0.9979,0.9999
0.01075,0.01065,0.0108,0.01145,0.01205,0.01215,0.0124,0.01505,0.01615,0.02025,0.0281,0.04575,0.08655,0.22495,0.52425,0.8363,0.9504,0.9896,0.99805,0.99985
0.0102,0.0107,0.0109,0.0109,0.012,0.0126,0.01255,0.0141,0.019,0.0193,0.0229,0.0437,0.07145,0.20105,0.511,0.79035,0.93725,0.98745,0.9981,0.9998
0.01085,0.0115,0.0109,0.01125,0.01145,0.012,0.0131,0.01405,0.0163,0.0209,0.02545,0.03885,0.06925,0.15315,0.4473,0.81225,0.93105,0.9861,0.99665,0.99965
0.0105,0.011,0.01115,0.01075,0.0119,0.01245,0.013,0.01535,0.015,0.01985,0.02275,0.0345,0.0775,0.15855,0.4009,0.75725,0.9367,0.98055,0.9963,0.99965
0.0111,0.01085,0.01105,0.01095,0.01135,0.0119,0.0122,0.0156,0.01745,0.0207,0.02585,0.03435,0.07035,0.1446,0.38315,0.7491,0.91925,0.97975,0.99725,0.99935
0.0111,0.0108,0.01115,0.0113,0.01155,0.012,0.0134,0.01415,0.0162,0.0202,0.02265,0.0313,0.08055,0.1285,0.33385,0.6779,0.90385,0.9797,0.99535,0.9994
